14 11 21
11 14 2
2 14 9
47 49 29
56 55 91
53 55 56
91 83 56
53 31 26
26 20 22
31 20 26
50 55 53
54 55 50
8 29 5
65 35 68
35 72 68
65 68 70
70 68 72
45 58 47
45 31 53
47 58 75
75 56 83
53 56 75
12 14 19
9 14 12
34 35 65
34 15 35
21 11 10
13 30 8
47 29 41
29 30 41
17 29 8
8 30 17
17 30 29
16 2 9
16 9 22
22 20 16
0 2 16
20 18 16
54 50 32
53 26 39
39 50 53
39 26 19
19 32 39
39 32 50
84 72 67
67 49 47
58 45 69
69 75 58
69 45 53
53 75 69
91 84 87
87 83 91
87 75 83
25 14 21
64 66 62
19 26 23
23 12 19
23 26 22
22 9 23
9 12 23
15 34 28
28 10 15
1 2 0
15 10 1
8 5 1
35 15 1
1 5 35
2 10 4
31 30 27
30 13 27
43 41 30
43 45 47
47 41 43
91 55 90
90 55 54
54 32 78
78 86 89
60 72 35
60 67 72
84 67 76
47 75 76
76 67 47
81 87 84
75 87 81
84 76 81
81 76 75
64 62 59
59 62 51
51 25 44
44 25 21
61 52 46
51 62 33
14 25 33
33 25 51
46 28 38
38 28 34
65 46 38
38 34 65
3 10 2
2 1 3
3 1 10
11 2 7
2 4 7
7 10 11
7 4 10
24 20 31
31 27 24
24 18 20
6 13 8
6 27 13
6 24 27
18 24 6
6 16 18
0 16 6
6 1 0
8 1 6
40 30 31
40 43 30
31 45 40
45 43 40
79 70 72
79 77 70
89 86 74
64 77 74
85 90 54
54 78 85
89 90 88
88 78 89
90 85 88
88 85 78
49 67 36
67 60 36
36 60 35
36 29 49
35 5 36
36 5 29
64 59 57
57 61 64
52 61 57
57 44 52
59 44 57
48 59 51
51 44 48
48 44 59
46 52 37
52 44 37
37 44 21
37 28 46
10 28 37
21 10 37
77 61 71
71 46 65
71 61 46
63 77 64
64 61 63
63 61 77
42 33 62
42 62 66
14 33 42
66 78 42
42 78 32
19 14 42
42 32 19
80 72 84
80 79 72
80 84 91
91 79 80
82 90 89
77 79 82
91 90 82
82 79 91
89 74 82
82 74 77
86 78 73
73 74 86
64 74 73
73 66 64
73 78 66
70 77 71
65 70 71
106 103 113
103 106 94
94 106 101
139 141 121
148 147 183
145 147 148
183 175 148
145 123 118
118 112 114
123 112 118
142 147 145
146 147 142
100 121 97
157 127 160
127 164 160
157 160 162
162 160 164
137 150 139
137 123 145
139 150 167
167 148 175
145 148 167
104 106 111
101 106 104
126 127 157
126 107 127
113 103 102
105 122 100
139 121 133
121 122 133
109 121 100
100 122 109
109 122 121
108 94 101
108 101 114
114 112 108
92 94 108
112 110 108
146 142 124
145 118 131
131 142 145
131 118 111
111 124 131
131 124 142
176 164 159
159 141 139
150 137 161
161 167 150
161 137 145
145 167 161
183 176 179
179 175 183
179 167 175
117 106 113
156 158 154
111 118 115
115 104 111
115 118 114
114 101 115
101 104 115
107 126 120
120 102 107
93 94 92
107 102 93
100 97 93
127 107 93
93 97 127
94 102 96
123 122 119
122 105 119
135 133 122
135 137 139
139 133 135
183 147 182
182 147 146
146 124 170
170 178 181
152 164 127
152 159 164
176 159 168
139 167 168
168 159 139
173 179 176
167 179 173
176 168 173
173 168 167
156 154 151
151 154 143
143 117 136
136 117 113
153 144 138
143 154 125
106 117 125
125 117 143
138 120 130
130 120 126
157 138 130
130 126 157
95 102 94
94 93 95
95 93 102
103 94 99
94 96 99
99 102 103
99 96 102
116 112 123
123 119 116
116 110 112
98 105 100
98 119 105
98 116 119
110 116 98
98 108 110
92 108 98
98 93 92
100 93 98
132 122 123
132 135 122
123 137 132
137 135 132
171 162 164
171 169 162
181 178 166
156 169 166
177 182 146
146 170 177
181 182 180
180 170 181
182 177 180
180 177 170
141 159 128
159 152 128
128 152 127
128 121 141
127 97 128
128 97 121
156 151 149
149 153 156
144 153 149
149 136 144
151 136 149
140 151 143
143 136 140
140 136 151
138 144 129
144 136 129
129 136 113
129 120 138
102 120 129
113 102 129
169 153 163
163 138 157
163 153 138
155 169 156
156 153 155
155 153 169
134 125 154
134 154 158
106 125 134
158 170 134
134 170 124
111 106 134
134 124 111
172 164 176
172 171 164
172 176 183
183 171 172
174 182 181
169 171 174
183 182 174
174 171 183
181 166 174
174 166 169
178 170 165
165 166 178
156 166 165
165 158 156
165 170 158
162 169 163
157 162 163
248 211 270
222 236 217
234 200 237
240 237 216
232 236 222
224 214 201
302 291 295
295 291 286
229 211 248
186 218 190
218 211 190
231 211 218
231 270 211
215 218 186
206 200 193
206 198 216
193 198 206
204 200 234
234 232 204
204 232 222
296 274 273
273 237 276
234 274 252
252 274 296
276 237 246
237 240 246
189 201 186
186 190 189
189 190 211
297 291 302
296 273 279
279 273 276
300 294 302
302 299 300
300 299 294
302 295 292
292 299 302
290 299 292
243 228 244
286 291 283
224 201 225
225 229 244
225 201 211
211 229 225
277 282 290
270 282 277
230 231 218
270 231 230
187 188 217
217 215 187
187 215 186
302 294 301
192 207 195
199 201 214
186 201 199
202 199 214
202 192 186
186 199 202
250 240 220
212 237 200
200 206 212
216 237 212
212 206 216
193 200 197
200 204 197
197 204 222
234 237 249
249 273 274
224 228 226
228 243 226
211 201 205
205 189 211
201 189 205
291 297 285
285 301 279
285 297 302
302 301 285
257 283 291
224 225 227
227 225 244
227 228 224
244 228 227
244 229 245
245 261 244
290 292 284
284 295 286
284 292 295
261 266 284
288 301 289
294 299 272
272 299 290
290 282 272
272 282 270
219 215 217
218 215 219
219 230 218
219 184 185
271 241 288
288 289 271
238 217 236
238 219 217
235 219 238
254 252 296
234 252 254
296 279 298
279 301 298
298 241 296
288 241 298
298 301 288
196 207 198
198 195 196
196 195 207
203 207 192
192 202 203
203 202 207
221 240 216
221 220 240
216 198 208
198 207 208
207 202 209
209 208 207
209 202 214
193 197 191
188 187 191
191 197 188
192 195 191
191 198 193
191 195 198
186 192 191
191 187 186
222 217 194
194 197 222
217 188 194
188 197 194
256 249 237
273 249 256
253 274 234
234 249 253
253 249 274
223 209 214
223 214 224
224 226 223
250 220 223
223 243 250
223 226 243
291 280 264
247 243 244
244 257 247
247 257 243
258 257 244
283 257 258
270 277 268
248 270 268
277 284 268
268 284 266
259 266 261
259 245 248
261 245 259
248 268 259
259 268 266
248 245 242
278 284 286
278 258 244
244 261 278
261 284 278
286 283 278
283 258 278
287 277 290
290 284 287
287 284 277
185 184 251
251 219 235
184 219 251
235 238 251
230 219 269
269 219 185
270 230 269
269 272 270
269 271 272
185 251 269
269 251 238
241 271 269
269 238 241
294 272 293
272 271 293
293 271 289
293 301 294
293 289 301
236 232 239
239 238 236
239 232 234
234 254 239
241 238 239
296 241 239
208 209 213
216 208 213
213 221 216
220 221 213
237 273 265
265 256 237
273 256 265
281 264 280
285 264 281
281 280 291
291 285 281
291 264 260
260 257 291
260 240 250
250 243 260
243 257 260
263 264 285
233 245 229
233 242 245
233 229 248
248 242 233
255 254 296
296 239 255
255 239 254
220 213 210
210 213 209
210 223 220
209 223 210
240 263 267
267 246 240
276 246 267
267 279 276
240 260 262
262 263 240
262 260 264
264 263 262
275 263 285
275 267 263
275 285 279
279 267 275
367 330 389
341 355 336
353 319 356
359 356 335
351 355 341
343 333 320
421 410 414
414 410 405
348 330 367
305 337 309
337 330 309
350 330 337
350 389 330
334 337 305
325 319 312
325 317 335
312 317 325
323 319 353
353 351 323
323 351 341
415 393 392
392 356 395
353 393 371
371 393 415
395 356 365
356 359 365
308 320 305
305 309 308
308 309 330
416 410 421
415 392 398
398 392 395
419 413 421
421 418 419
419 418 413
421 414 411
411 418 421
409 418 411
362 347 363
405 410 402
343 320 344
344 348 363
344 320 330
330 348 344
396 401 409
389 401 396
349 350 337
389 350 349
306 307 336
336 334 306
306 334 305
421 413 420
311 326 314
318 320 333
305 320 318
321 318 333
321 311 305
305 318 321
369 359 339
331 356 319
319 325 331
335 356 331
331 325 335
312 319 316
319 323 316
316 323 341
353 356 368
368 392 393
343 347 345
347 362 345
330 320 324
324 308 330
320 308 324
410 416 404
404 420 398
404 416 421
421 420 404
376 402 410
343 344 346
346 344 363
346 347 343
363 347 346
363 348 364
364 380 363
409 411 403
403 414 405
403 411 414
380 385 403
407 420 408
413 418 391
391 418 409
409 401 391
391 401 389
338 334 336
337 334 338
338 349 337
338 303 304
390 360 407
407 408 390
357 336 355
357 338 336
354 338 357
373 371 415
353 371 373
415 398 417
398 420 417
417 360 415
407 360 417
417 420 407
315 326 317
317 314 315
315 314 326
322 326 311
311 321 322
322 321 326
340 359 335
340 339 359
335 317 327
317 326 327
326 321 328
328 327 326
328 321 333
312 316 310
307 306 310
310 316 307
311 314 310
310 317 312
310 314 317
305 311 310
310 306 305
341 336 313
313 316 341
336 307 313
307 316 313
375 368 356
392 368 375
372 393 353
353 368 372
372 368 393
342 328 333
342 333 343
343 345 342
369 339 342
342 362 369
342 345 362
410 399 383
366 362 363
363 376 366
366 376 362
377 376 363
402 376 377
389 396 387
367 389 387
396 403 387
387 403 385
378 385 380
378 364 367
380 364 378
367 387 378
378 387 385
367 364 361
397 403 405
397 377 363
363 380 397
380 403 397
405 402 397
402 377 397
406 396 409
409 403 406
406 403 396
304 303 370
370 338 354
303 338 370
354 357 370
349 338 388
388 338 304
389 349 388
388 391 389
388 390 391
304 370 388
388 370 357
360 390 388
388 357 360
413 391 412
391 390 412
412 390 408
412 420 413
412 408 420
355 351 358
358 357 355
358 351 353
353 373 358
360 357 358
415 360 358
327 328 332
335 327 332
332 340 335
339 340 332
356 392 384
384 375 356
392 375 384
400 383 399
404 383 400
400 399 410
410 404 400
410 383 379
379 376 410
379 359 369
369 362 379
362 376 379
382 383 404
352 364 348
352 361 364
352 348 367
367 361 352
374 373 415
415 358 374
374 358 373
339 332 329
329 332 328
329 342 339
328 342 329
359 382 386
386 365 359
395 365 386
386 398 395
359 379 381
381 382 359
381 379 383
383 382 381
394 382 404
394 386 382
394 404 398
398 386 394
486 449 508
460 474 455
472 438 475
478 475 454
470 474 460
462 452 439
540 529 533
533 529 524
467 449 486
424 456 428
456 449 428
469 449 456
469 508 449
453 456 424
444 438 431
444 436 454
431 436 444
442 438 472
472 470 442
442 470 460
534 512 511
511 475 514
472 512 490
490 512 534
514 475 484
475 478 484
427 439 424
424 428 427
427 428 449
535 529 540
534 511 517
517 511 514
538 532 540
540 537 538
538 537 532
540 533 530
530 537 540
528 537 530
481 466 482
524 529 521
462 439 463
463 467 482
463 439 449
449 467 463
515 520 528
508 520 515
468 469 456
508 469 468
425 426 455
455 453 425
425 453 424
540 532 539
430 445 433
437 439 452
424 439 437
440 437 452
440 430 424
424 437 440
488 478 458
450 475 438
438 444 450
454 475 450
450 444 454
431 438 435
438 442 435
435 442 460
472 475 487
487 511 512
462 466 464
466 481 464
449 439 443
443 427 449
439 427 443
529 535 523
523 539 517
523 535 540
540 539 523
495 521 529
462 463 465
465 463 482
465 466 462
482 466 465
482 467 483
483 499 482
528 530 522
522 533 524
522 530 533
499 504 522
526 539 527
532 537 510
510 537 528
528 520 510
510 520 508
457 453 455
456 453 457
457 468 456
457 422 423
509 479 526
526 527 509
476 455 474
476 457 455
473 457 476
492 490 534
472 490 492
534 517 536
517 539 536
536 479 534
526 479 536
536 539 526
434 445 436
436 433 434
434 433 445
441 445 430
430 440 441
441 440 445
459 478 454
459 458 478
454 436 446
436 445 446
445 440 447
447 446 445
447 440 452
431 435 429
426 425 429
429 435 426
430 433 429
429 436 431
429 433 436
424 430 429
429 425 424
460 455 432
432 435 460
455 426 432
426 435 432
494 487 475
511 487 494
491 512 472
472 487 491
491 487 512
461 447 452
461 452 462
462 464 461
488 458 461
461 481 488
461 464 481
529 518 502
485 481 482
482 495 485
485 495 481
496 495 482
521 495 496
508 515 506
486 508 506
515 522 506
506 522 504
497 504 499
497 483 486
499 483 497
486 506 497
497 506 504
486 483 480
516 522 524
516 496 482
482 499 516
499 522 516
524 521 516
521 496 516
525 515 528
528 522 525
525 522 515
423 422 489
489 457 473
422 457 489
473 476 489
468 457 507
507 457 423
508 468 507
507 510 508
507 509 510
423 489 507
507 489 476
479 509 507
507 476 479
532 510 531
510 509 531
531 509 527
531 539 532
531 527 539
474 470 477
477 476 474
477 470 472
472 492 477
479 476 477
534 479 477
446 447 451
454 446 451
451 459 454
458 459 451
475 511 503
503 494 475
511 494 503
519 502 518
523 502 519
519 518 529
529 523 519
529 502 498
498 495 529
498 478 488
488 481 498
481 495 498
501 502 523
471 483 467
471 480 483
471 467 486
486 480 471
493 492 534
534 477 493
493 477 492
458 451 448
448 451 447
448 461 458
447 461 448
478 501 505
505 484 478
514 484 505
505 517 514
478 498 500
500 501 478
500 498 502
502 501 500
513 501 523
513 505 501
513 523 517
517 505 513
