0.949274 0.463041 0.521801
0.952221 0.313051 0.620786
0.955436 0.598580 0.497764
0.958050 0.403937 0.598559
0.985219 0.644434 0.545706
1.078146 0.150597 0.611052
1.097090 0.230610 0.431184
1.126316 1.022152 0.680021
1.128085 0.104681 0.497991
1.158485 1.225797 0.474122
1.180847 0.556350 1.050953
1.186224 1.182036 0.736271
1.191105 1.303517 0.493361
1.215174 0.081445 0.430869
1.223726 1.381236 0.577268
1.281042 0.269669 1.087302
1.317775 0.608908 -0.037242
1.320842 0.016273 0.427437
1.325221 0.591715 -0.034026
1.330556 1.406091 0.480122
1.331410 0.609258 -0.050483
1.354157 0.973549 1.052428
1.369911 0.698327 -0.059138
1.374947 0.716660 -0.055683
1.383182 0.516999 -0.044035
1.387149 1.011455 1.039922
1.389653 0.711817 -0.067246
1.390568 0.497384 -0.037713
1.394465 0.499377 1.193053
1.404218 -0.019416 0.719121
1.407611 -0.015930 0.377887
1.407906 0.503694 -0.049497
1.415952 1.396694 0.493416
1.431089 1.317581 0.716651
1.437958 0.176002 1.178051
1.445495 0.081547 1.146778
1.451639 0.055766 1.096355
1.453667 0.792529 1.209219
1.461324 0.432233 1.224325
1.465959 0.756816 -0.045590
1.489796 0.480886 -0.036135
1.494381 -0.048131 0.406306
1.501350 1.387298 0.573895
1.502002 0.476131 -0.031970
1.503400 0.914348 1.175034
1.506461 0.486313 -0.040054
1.512401 0.718173 1.248777
1.554612 -0.066355 0.424545
1.578785 0.987589 1.114858
1.583632 -0.034611 0.657700
1.584843 0.711724 -0.027894
1.592165 1.020634 1.083066
1.592550 0.882244 1.206306
1.598383 0.575827 -0.057875
1.598648 0.716446 -0.012401
1.610793 0.593353 -0.043834
1.613083 0.573884 -0.045001
1.618997 0.923803 1.174520
1.620735 -0.001361 0.377923
1.625440 0.955432 1.148990
1.635558 0.075513 1.073253
1.650073 0.834288 1.205791
1.650469 1.260658 0.749712
1.664505 0.837245 1.196644
1.709530 0.921635 1.136390
1.720888 0.301806 1.270952
1.757644 1.231966 0.690116
1.778683 0.008963 0.739275
1.782108 0.221208 1.221235
1.794879 0.074691 0.396915
1.804931 0.258043 1.239680
1.806286 0.465803 1.246771
1.807937 0.225736 1.218531
1.826719 1.036802 0.849800
1.877101 0.965263 0.847762
1.887203 0.083310 0.443841
1.888860 0.052173 0.632130
1.890329 0.422040 1.215500
1.891856 1.128563 0.632057
1.906604 0.382796 1.204661
1.918415 0.335508 1.149504
1.938805 0.109294 0.584992
1.947967 0.458785 1.095529
1.955390 0.285540 0.396309
1.960967 0.116889 0.703146
1.964247 0.859436 0.561040
1.967001 0.971152 0.689941
1.978861 0.201957 0.474578
1.998558 0.888882 0.625136
2.036625 0.818163 0.692416
2.107946 0.603919 0.606151
2.113194 0.438478 0.564936
-1.240641 1.066974 0.493137
-1.237855 0.925223 0.586685
-1.234818 1.195067 0.470421
-1.232346 1.011116 0.565679
-1.206670 1.238402 0.515729
-1.118848 0.771693 0.577486
-1.100945 0.847311 0.407498
-1.073324 1.595371 0.642666
-1.071652 0.728299 0.470636
-1.042922 1.787830 0.448077
-1.021789 1.155157 0.993222
-1.016707 1.746473 0.695826
-1.012094 1.861281 0.466260
-0.989347 0.706339 0.407201
-0.981265 1.934731 0.545558
-0.927097 0.884224 1.027574
-0.892383 1.204828 -0.035196
-0.889484 0.644747 0.403957
-0.885346 1.188579 -0.032157
-0.880303 1.958220 0.453748
-0.879496 1.205158 -0.047709
-0.857998 1.549439 0.994616
-0.843110 1.289335 -0.055889
-0.838351 1.306661 -0.052625
-0.830569 1.117968 -0.041616
-0.826819 1.585262 0.982796
-0.824453 1.302084 -0.063552
-0.823588 1.099430 -0.035642
-0.819905 1.101314 1.127516
-0.810688 0.611019 0.679618
-0.807481 0.614314 0.357129
-0.807203 1.105393 -0.046778
-0.799598 1.949339 0.466312
-0.785293 1.874572 0.677284
-0.778801 0.795702 1.113339
-0.771678 0.706436 1.083783
-0.765871 0.682071 1.036130
-0.763955 1.378362 1.142794
-0.756719 1.037858 1.157070
-0.752338 1.344611 -0.043086
-0.729811 1.083839 -0.034150
-0.725477 0.583882 0.383987
-0.718892 1.940459 0.542370
-0.718275 1.079345 -0.030214
-0.716954 1.493489 1.110487
-0.714061 1.088968 -0.037854
-0.708447 1.308091 1.180179
-0.668555 0.566659 0.401224
-0.645710 1.562707 1.053617
-0.641129 0.596659 0.621571
-0.639985 1.301996 -0.026361
-0.633065 1.593937 1.023571
-0.632701 1.463149 1.140041
-0.627188 1.173564 -0.054696
-0.626938 1.306458 -0.011720
-0.615461 1.190127 -0.041426
-0.613296 1.171728 -0.042529
-0.607707 1.502425 1.110001
-0.606065 0.628082 0.357163
-0.601618 1.532316 1.085873
-0.592056 0.700733 1.014297
-0.578338 1.417827 1.139555
-0.577964 1.820776 0.708529
-0.564699 1.420622 1.130910
-0.522147 1.500376 1.073966
-0.511413 0.914596 1.201136
-0.476676 1.793660 0.652206
-0.456793 0.637839 0.698665
-0.453556 0.838425 1.154150
-0.441487 0.699957 0.375112
-0.431987 0.873236 1.171582
-0.430706 1.069584 1.178284
-0.429146 0.842705 1.151594
-0.411396 1.609217 0.803119
-0.363781 1.541607 0.801193
-0.354234 0.708102 0.419460
-0.352668 0.678676 0.597406
-0.351279 1.028224 1.148730
-0.349837 1.695937 0.597337
-0.335899 0.991137 1.138486
-0.324736 0.946446 1.086360
-0.305466 0.732658 0.552857
-0.296808 1.062951 1.035349
-0.289793 0.899223 0.374539
-0.284522 0.739837 0.664521
-0.281423 1.441594 0.530221
-0.278819 1.547173 0.652041
-0.267611 0.820231 0.448508
-0.248996 1.469422 0.590796
-0.213020 1.402588 0.654380
-0.145617 1.200113 0.572854
-0.140657 1.043760 0.533903
-0.190961 -0.947894 -0.038628
0.004337 -0.963184 -0.047680
-0.411413 -0.977542 0.811433
-0.404738 -0.910638 0.768002
-0.373667 -0.855641 0.729652
-0.367423 -1.042569 0.832475
-0.367284 -1.020393 0.749249
-0.360832 -0.792746 0.958995
-0.347382 -0.884008 1.204170
-0.327767 -0.748237 1.014112
-0.315759 -0.756823 0.699753
-0.315129 -0.819830 1.248304
-0.307886 -0.814674 1.271074
-0.299823 -0.708106 0.758356
-0.287982 -0.779567 1.298666
-0.275597 -1.029751 1.345507
-0.266160 -0.701969 1.001435
-0.260254 -1.077863 1.308874
-0.252470 -0.915857 1.604184
-0.249607 -0.866306 1.600123
-0.247895 -0.670753 0.714635
-0.243319 -1.172038 0.736910
-0.237688 -0.763359 1.417606
-0.236536 -0.854758 1.645421
-0.227407 -0.841413 1.657527
-0.222695 -0.910187 1.706740
-0.210988 -0.897465 1.724142
-0.202645 -1.209234 0.672196
-0.200313 -0.744672 1.440998
-0.198726 -0.878096 1.740008
-0.198158 -0.965712 1.718930
-0.197527 -0.948349 -0.035529
-0.196523 -0.780649 1.636772
-0.196418 -0.944593 -0.035129
-0.195812 -0.951838 -0.034911
-0.194880 -0.948216 -0.038441
-0.189523 -0.882066 1.753769
-0.178686 -0.845064 1.726129
-0.170639 -0.727182 0.325242
-0.165829 -0.974824 1.757179
-0.158803 -1.066631 1.573713
-0.151396 -1.148733 1.299934
-0.145925 -0.997857 1.740982
-0.126931 -1.087218 1.544317
-0.126711 -1.011397 1.730989
-0.125639 -1.176998 1.190878
-0.122990 -0.968983 -0.031562
-0.121158 -0.971363 -0.026689
-0.119414 -0.709303 0.325345
-0.103617 -1.180640 1.172846
-0.100011 -0.601921 0.800940
-0.091514 -0.799867 -0.020653
-0.091075 -0.795424 -0.015126
-0.090920 -0.668153 1.366846
-0.089876 -0.796473 -0.019891
-0.087745 -0.795067 -0.017015
-0.087658 -0.802581 1.743063
-0.085170 -0.797522 -0.018476
-0.082922 -1.181946 1.168179
-0.081484 -0.992941 1.747982
-0.075686 -1.087483 1.561815
-0.075175 -1.178393 1.189924
-0.066965 -0.764578 1.638007
-0.059017 -1.002008 1.710455
-0.052891 -1.232945 0.774548
-0.048215 -0.637202 1.177755
-0.045367 -0.936227 1.762955
-0.039391 -0.923976 -0.044148
-0.037830 -0.616021 0.826487
-0.036497 -0.616747 0.895833
-0.036336 -0.736664 0.289816
-0.035580 -0.736950 0.290228
-0.033252 -0.644684 1.214113
-0.032750 -0.980935 1.724509
-0.029790 -1.068480 1.528217
-0.029258 -1.226764 0.795047
-0.026547 -0.931157 1.756557
-0.025260 -1.174606 1.164290
-0.021461 -0.882502 1.743536
-0.021233 -0.834044 1.725717
-0.011582 -0.894044 1.734107
-0.010150 -0.647824 1.207668
-0.005473 -1.220841 0.801984
0.002921 -0.771271 1.574276
0.006304 -1.219055 0.766858
0.008787 -0.964516 -0.047633
0.009233 -0.968595 -0.043161
0.011687 -0.960436 -0.044200
0.012016 -0.965068 -0.044339
0.012509 -0.649364 1.191898
0.019340 -0.626123 0.902936
0.030461 -0.799946 1.585759
0.039274 -0.687460 1.292531
0.056526 -1.195414 0.815410
0.069532 -1.102089 1.275186
0.082028 -0.715437 1.303412
0.100185 -0.917259 1.481996
0.106738 -0.879491 1.463542
0.106937 -1.144606 0.808108
0.110322 -1.022258 1.395994
0.110547 -1.168827 0.944686
0.110580 -0.831033 1.436513
0.120102 -1.061580 1.283838
0.126579 -1.153323 0.921313
0.138632 -0.868060 0.372158
0.138943 -0.868645 0.372037
0.142578 -1.137516 0.913333
0.144136 -0.989532 1.376914
0.151092 -1.126141 0.926296
0.153283 -0.914758 0.375868
0.153305 -0.915397 0.375865
0.161883 -1.027653 1.241860
0.165126 -0.717938 0.800128
0.178141 -0.940074 1.227952
0.220468 -0.769638 0.808233
0.220837 -0.975960 0.772242
0.222230 -0.945378 0.725539
0.260814 -0.826830 0.775255
0.263447 -0.886503 0.834050
-1.578214 -1.524013 -0.042688
-1.362385 -1.540910 -0.052692
-1.821842 -1.556778 0.896736
-1.814465 -1.482840 0.848740
-1.780128 -1.422062 0.806358
-1.773227 -1.628641 0.919991
-1.773074 -1.604134 0.828015
-1.765943 -1.352555 1.059811
-1.751079 -1.453410 1.330761
-1.729402 -1.303366 1.120722
-1.716132 -1.312856 0.773316
-1.715436 -1.382486 1.379534
-1.707431 -1.376788 1.404698
-1.698520 -1.259017 0.838080
-1.685434 -1.337990 1.435190
-1.671748 -1.614475 1.486956
-1.661318 -1.252234 1.106712
-1.654792 -1.667646 1.446472
-1.646189 -1.488608 1.772827
-1.643026 -1.433848 1.768339
-1.641134 -1.217737 0.789762
-1.636076 -1.771720 0.814379
-1.629854 -1.320079 1.566634
-1.628580 -1.421086 1.818398
-1.618492 -1.406338 1.831778
-1.613285 -1.482342 1.886164
-1.600346 -1.468282 1.905395
-1.591126 -1.812827 0.742862
-1.588549 -1.299427 1.592486
-1.586795 -1.446878 1.922930
-1.586168 -1.543704 1.899636
-1.585470 -1.524516 -0.039264
-1.584361 -1.339186 1.808840
-1.584245 -1.520365 -0.038822
-1.583575 -1.528372 -0.038581
-1.582545 -1.524369 -0.042482
-1.576625 -1.451265 1.938137
-1.564649 -1.410372 1.907591
-1.555756 -1.280099 0.359434
-1.550440 -1.553774 1.941906
-1.542675 -1.655233 1.739153
-1.534490 -1.745965 1.436592
-1.528443 -1.579229 1.924006
-1.507453 -1.677984 1.706666
-1.507210 -1.594192 1.912962
-1.506025 -1.777202 1.316072
-1.503098 -1.547319 -0.034880
-1.501073 -1.549949 -0.029495
-1.499146 -1.260340 0.359548
-1.481688 -1.781227 1.296143
-1.477703 -1.141669 0.885140
-1.468313 -1.360425 -0.022825
-1.467828 -1.355515 -0.016716
-1.467656 -1.214864 1.510538
-1.466502 -1.356673 -0.021982
-1.464147 -1.355120 -0.018804
-1.464051 -1.363424 1.926306
-1.461302 -1.357833 -0.020419
-1.458818 -1.782670 1.290985
-1.457229 -1.573796 1.931742
-1.450821 -1.678276 1.726004
-1.450256 -1.778744 1.315017
-1.441183 -1.321426 1.810205
-1.432400 -1.583816 1.890270
-1.425630 -1.839030 0.855974
-1.420462 -1.180659 1.301569
-1.417315 -1.511119 1.948289
-1.410710 -1.497581 -0.048789
-1.408985 -1.157251 0.913373
-1.407512 -1.158054 0.990009
-1.407334 -1.290577 0.320284
-1.406498 -1.290893 0.320739
-1.403925 -1.188927 1.341749
-1.403371 -1.560528 1.905801
-1.400099 -1.657276 1.688873
-1.399512 -1.832199 0.878627
-1.396516 -1.505517 1.941218
-1.395094 -1.774558 1.286688
-1.390896 -1.451747 1.926828
-1.390643 -1.398194 1.907136
-1.379977 -1.464502 1.916408
-1.378395 -1.192398 1.334626
-1.373227 -1.825654 0.886294
-1.363949 -1.328822 1.739774
-1.360212 -1.823680 0.847475
-1.357467 -1.542382 -0.052640
-1.356974 -1.546890 -0.047699
-1.354263 -1.537874 -0.048847
-1.353899 -1.542992 -0.049000
-1.353354 -1.194100 1.317198
-1.345805 -1.168415 0.997859
-1.333515 -1.360511 1.752465
-1.323775 -1.236201 1.428410
-1.304710 -1.797554 0.901132
-1.290337 -1.694418 1.409242
-1.276527 -1.267118 1.440435
-1.256461 -1.490157 1.637793
-1.249220 -1.448419 1.617399
-1.249000 -1.741405 0.893061
-1.245258 -1.606194 1.542750
-1.245010 -1.768172 1.043998
-1.244973 -1.394867 1.587529
-1.234451 -1.649651 1.418804
-1.227293 -1.751039 1.018167
-1.213972 -1.435787 0.411282
-1.213628 -1.436433 0.411148
-1.209611 -1.733569 1.009349
-1.207889 -1.570029 1.521665
-1.200202 -1.720999 1.023675
-1.197781 -1.487394 0.415382
-1.197757 -1.488100 0.415379
-1.188277 -1.612156 1.372412
-1.184693 -1.269883 0.884243
-1.170310 -1.515371 1.357042
-1.123533 -1.327018 0.893200
-1.123126 -1.555029 0.853425
-1.121586 -1.521232 0.801813
-1.078945 -1.390222 0.856755
-1.076036 -1.456168 0.921731
1.384030 -1.161803 -0.041377
1.593229 -1.178182 -0.051073
1.147887 -1.193562 0.869188
1.155037 -1.121896 0.822666
1.188319 -1.062985 0.781587
1.195008 -1.263218 0.891728
1.195156 -1.239463 0.802579
1.202068 -0.995613 1.027254
1.216475 -1.093370 1.289879
1.237487 -0.947935 1.086294
1.250349 -0.957133 0.749559
1.251024 -1.024624 1.337155
1.258783 -1.019102 1.361546
1.267419 -0.904948 0.812334
1.280104 -0.981496 1.391101
1.293369 -1.249487 1.441277
1.303479 -0.898374 1.072714
1.309804 -1.301024 1.402036
1.318143 -1.127487 1.718365
1.321209 -1.074408 1.714015
1.323043 -0.864936 0.765500
1.327945 -1.401901 0.789361
1.333977 -0.964134 1.518507
1.335211 -1.062039 1.762537
1.344989 -1.047744 1.775505
1.350037 -1.121413 1.828221
1.362578 -1.107785 1.846861
1.371514 -1.441746 0.720041
1.374012 -0.944117 1.543564
1.375712 -1.087038 1.863857
1.376320 -1.180890 1.841279
1.376997 -1.162291 -0.038058
1.378072 -0.982654 1.753273
1.378184 -1.158268 -0.037629
1.378834 -1.166029 -0.037395
1.379832 -1.162149 -0.041177
1.385570 -1.091291 1.878598
1.397179 -1.051654 1.848990
1.405798 -0.925382 0.348392
1.410951 -1.190651 1.882250
1.418477 -1.288993 1.685726
1.426411 -1.376938 1.392460
1.432272 -1.215324 1.864900
1.452617 -1.311045 1.654237
1.452853 -1.229827 1.854196
1.454002 -1.407215 1.275642
1.456839 -1.184394 -0.033808
1.458801 -1.186943 -0.028589
1.460669 -0.906230 0.348502
1.477591 -1.411116 1.256326
1.481454 -0.791205 0.857948
1.490555 -1.003241 -0.022123
1.491025 -0.998482 -0.016202
1.491191 -0.862152 1.464134
1.492310 -0.999605 -0.021307
1.494593 -0.998099 -0.018226
1.494685 -1.006148 1.867129
1.497351 -1.000728 -0.019792
1.499758 -1.412515 1.251326
1.501299 -1.210057 1.872399
1.507510 -1.311328 1.672980
1.508057 -1.408709 1.274619
1.516852 -0.965440 1.754595
1.525365 -1.219770 1.832200
1.531927 -1.467143 0.829679
1.536936 -0.828997 1.261584
1.539986 -1.149306 1.888437
1.546388 -1.136184 -0.047291
1.548060 -0.806309 0.885314
1.549488 -0.807087 0.959595
1.549661 -0.935539 0.310444
1.550471 -0.935845 0.310886
1.552965 -0.837012 1.300530
1.553501 -1.197197 1.847255
1.556673 -1.290972 1.636991
1.557242 -1.460523 0.851636
1.560146 -1.143876 1.881583
1.561525 -1.404652 1.247161
1.565594 -1.091758 1.867635
1.565839 -1.039850 1.848549
1.576177 -1.104121 1.857536
1.577711 -0.840376 1.293626
1.582720 -1.454178 0.859067
1.591712 -0.972609 1.686328
1.595335 -1.452265 0.821441
1.597995 -1.179609 -0.051023
1.598473 -1.183978 -0.046233
1.601101 -1.175239 -0.047346
1.601454 -1.180200 -0.047495
1.601982 -0.842026 1.276734
1.609300 -0.817130 0.967205
1.621212 -1.003325 1.698629
1.630652 -0.882833 1.384529
1.649132 -1.426942 0.873449
1.663064 -1.326974 1.365950
1.676450 -0.912801 1.396185
1.695899 -1.128988 1.587480
1.702918 -1.088532 1.567713
1.703131 -1.372517 0.865626
1.706757 -1.241460 1.495357
1.706998 -1.398462 1.011926
1.707034 -1.036625 1.538759
1.717233 -1.283582 1.375218
1.724171 -1.381855 0.986889
1.737082 -1.076288 0.398647
1.737416 -1.076914 0.398517
1.741309 -1.364922 0.978342
1.742978 -1.206406 1.474919
1.750429 -1.352738 0.992227
1.752776 -1.126309 0.402621
1.752799 -1.126994 0.402618
1.761988 -1.247239 1.330252
1.765462 -0.915481 0.857079
1.779403 -1.153427 1.315354
1.824743 -0.970860 0.865761
1.825138 -1.191867 0.827208
1.826630 -1.159109 0.777181
1.867961 -1.032123 0.830435
1.870781 -1.096043 0.893415
