3 159 1
1 159 77
1 77 78
159 3 157
157 3 6
157 6 154
154 6 7
154 7 153
153 7 10
153 10 150
150 10 12
150 12 149
149 12 160
149 160 146
146 160 145
145 160 15
145 15 142
142 15 18
142 18 141
141 18 20
141 20 139
139 20 22
139 22 137
137 22 24
137 24 135
135 24 25
135 25 133
133 25 27
133 27 131
131 27 30
131 30 129
129 30 32
129 32 126
126 32 124
124 32 33
124 33 122
122 33 35
122 35 121
121 35 37
121 37 118
118 37 40
118 40 116
116 40 42
116 42 115
115 42 43
115 43 113
113 43 46
113 46 110
110 46 108
108 46 48
108 48 106
106 48 49
106 49 105
105 49 51
105 51 103
103 51 53
103 53 100
100 53 56
100 56 99
99 56 58
99 58 97
97 58 59
97 59 94
94 59 61
94 61 93
93 61 90
90 61 64
90 64 65
12 13 160
160 13 15
67 86 65
65 86 89
65 89 90
86 67 85
85 67 69
85 69 82
82 69 71
82 71 81
81 71 73
81 73 78
78 73 1
165 320 162
162 320 238
162 238 239
320 165 317
317 165 166
317 166 316
316 166 169
316 169 314
314 169 171
314 171 311
311 171 173
311 173 309
309 173 308
308 173 174
308 174 177
179 303 177
177 303 305
177 305 308
303 179 302
302 179 180
302 180 299
299 180 182
299 182 297
297 182 185
297 185 296
296 185 187
296 187 294
294 187 188
294 188 292
292 188 190
292 190 289
289 190 192
289 192 287
287 192 286
286 192 194
286 194 283
283 194 197
283 197 282
282 197 199
282 199 279
279 199 200
279 200 277
277 200 202
277 202 276
276 202 205
276 205 273
273 205 206
273 206 271
271 206 270
270 206 209
270 209 267
267 209 210
267 210 266
266 210 213
266 213 263
263 213 215
263 215 262
262 215 216
262 216 259
259 216 219
259 219 258
258 219 220
258 220 255
255 220 222
255 222 253
253 222 321
253 321 252
252 321 249
249 321 226
249 226 248
248 226 229
248 229 246
246 229 231
246 231 243
243 231 232
243 232 241
241 232 234
241 234 239
239 234 162
222 224 321
321 224 226
74 164 2
2 164 161
0 163 4
4 163 235
4 235 5
5 235 233
5 233 8
8 233 230
8 230 9
9 230 228
9 228 11
11 228 227
11 227 14
14 227 225
14 225 16
16 225 223
16 223 17
17 223 221
17 221 19
19 221 218
19 218 21
21 218 217
21 217 23
23 217 214
23 214 26
26 214 212
26 212 28
28 212 211
28 211 29
29 211 208
29 208 31
31 208 207
31 207 34
34 207 204
34 204 36
36 204 203
36 203 38
38 203 201
38 201 39
39 201 198
39 198 41
41 198 196
41 196 44
44 196 195
44 195 45
45 195 193
45 193 47
47 193 191
47 191 50
50 191 189
50 189 52
52 189 186
52 186 54
54 186 184
54 184 55
55 184 183
55 183 57
57 183 181
57 181 60
60 181 178
60 178 62
62 178 176
62 176 63
63 176 175
63 175 66
66 175 172
66 172 68
68 172 170
68 170 70
70 170 168
70 168 72
72 168 167
72 167 74
74 167 164
158 240 75
75 240 236
76 237 79
79 237 319
79 319 80
80 319 318
80 318 83
83 318 315
83 315 84
84 315 313
84 313 87
87 313 312
87 312 88
88 312 310
88 310 91
91 310 307
91 307 92
92 307 306
92 306 95
95 306 304
95 304 96
96 304 301
96 301 98
98 301 300
98 300 101
101 300 298
101 298 102
102 298 295
102 295 104
104 295 293
104 293 107
107 293 291
107 291 109
109 291 290
109 290 111
111 290 288
111 288 112
112 288 285
112 285 114
114 285 284
114 284 117
117 284 281
117 281 119
119 281 280
119 280 120
120 280 278
120 278 123
123 278 275
123 275 125
125 275 274
125 274 127
127 274 272
127 272 128
128 272 269
128 269 130
130 269 268
130 268 132
132 268 265
132 265 134
134 265 264
134 264 136
136 264 261
136 261 138
138 261 260
138 260 140
140 260 257
140 257 143
143 257 256
143 256 144
144 256 254
144 254 147
147 254 251
147 251 148
148 251 250
148 250 151
151 250 247
151 247 152
152 247 245
152 245 155
155 245 244
155 244 156
156 244 242
156 242 158
158 242 240
325 481 323
323 481 399
323 399 400
481 325 479
479 325 328
479 328 476
476 328 329
476 329 475
475 329 332
475 332 472
472 332 334
472 334 471
471 334 482
471 482 468
468 482 467
467 482 337
467 337 464
464 337 340
464 340 463
463 340 342
463 342 461
461 342 344
461 344 459
459 344 346
459 346 457
457 346 347
457 347 455
455 347 349
455 349 453
453 349 352
453 352 451
451 352 354
451 354 448
448 354 446
446 354 355
446 355 444
444 355 357
444 357 443
443 357 359
443 359 440
440 359 362
440 362 438
438 362 364
438 364 437
437 364 365
437 365 435
435 365 368
435 368 432
432 368 430
430 368 370
430 370 428
428 370 371
428 371 427
427 371 373
427 373 425
425 373 375
425 375 422
422 375 378
422 378 421
421 378 380
421 380 419
419 380 381
419 381 416
416 381 383
416 383 415
415 383 412
412 383 386
412 386 387
334 335 482
482 335 337
389 408 387
387 408 411
387 411 412
408 389 407
407 389 391
407 391 404
404 391 393
404 393 403
403 393 395
403 395 400
400 395 323
487 642 484
484 642 560
484 560 561
642 487 639
639 487 488
639 488 638
638 488 491
638 491 636
636 491 493
636 493 633
633 493 495
633 495 631
631 495 630
630 495 496
630 496 499
501 625 499
499 625 627
499 627 630
625 501 624
624 501 502
624 502 621
621 502 504
621 504 619
619 504 507
619 507 618
618 507 509
618 509 616
616 509 510
616 510 614
614 510 512
614 512 611
611 512 514
611 514 609
609 514 608
608 514 516
608 516 605
605 516 519
605 519 604
604 519 521
604 521 601
601 521 522
601 522 599
599 522 524
599 524 598
598 524 527
598 527 595
595 527 528
595 528 593
593 528 592
592 528 531
592 531 589
589 531 532
589 532 588
588 532 535
588 535 585
585 535 537
585 537 584
584 537 538
584 538 581
581 538 541
581 541 580
580 541 542
580 542 577
577 542 544
577 544 575
575 544 643
575 643 574
574 643 571
571 643 548
571 548 570
570 548 551
570 551 568
568 551 553
568 553 565
565 553 554
565 554 563
563 554 556
563 556 561
561 556 484
544 546 643
643 546 548
396 486 324
324 486 483
322 485 326
326 485 557
326 557 327
327 557 555
327 555 330
330 555 552
330 552 331
331 552 550
331 550 333
333 550 549
333 549 336
336 549 547
336 547 338
338 547 545
338 545 339
339 545 543
339 543 341
341 543 540
341 540 343
343 540 539
343 539 345
345 539 536
345 536 348
348 536 534
348 534 350
350 534 533
350 533 351
351 533 530
351 530 353
353 530 529
353 529 356
356 529 526
356 526 358
358 526 525
358 525 360
360 525 523
360 523 361
361 523 520
361 520 363
363 520 518
363 518 366
366 518 517
366 517 367
367 517 515
367 515 369
369 515 513
369 513 372
372 513 511
372 511 374
374 511 508
374 508 376
376 508 506
376 506 377
377 506 505
377 505 379
379 505 503
379 503 382
382 503 500
382 500 384
384 500 498
384 498 385
385 498 497
385 497 388
388 497 494
388 494 390
390 494 492
390 492 392
392 492 490
392 490 394
394 490 489
394 489 396
396 489 486
480 562 397
397 562 558
398 559 401
401 559 641
401 641 402
402 641 640
402 640 405
405 640 637
405 637 406
406 637 635
406 635 409
409 635 634
409 634 410
410 634 632
410 632 413
413 632 629
413 629 414
414 629 628
414 628 417
417 628 626
417 626 418
418 626 623
418 623 420
420 623 622
420 622 423
423 622 620
423 620 424
424 620 617
424 617 426
426 617 615
426 615 429
429 615 613
429 613 431
431 613 612
431 612 433
433 612 610
433 610 434
434 610 607
434 607 436
436 607 606
436 606 439
439 606 603
439 603 441
441 603 602
441 602 442
442 602 600
442 600 445
445 600 597
445 597 447
447 597 596
447 596 449
449 596 594
449 594 450
450 594 591
450 591 452
452 591 590
452 590 454
454 590 587
454 587 456
456 587 586
456 586 458
458 586 583
458 583 460
460 583 582
460 582 462
462 582 579
462 579 465
465 579 578
465 578 466
466 578 576
466 576 469
469 576 573
469 573 470
470 573 572
470 572 473
473 572 569
473 569 474
474 569 567
474 567 477
477 567 566
477 566 478
478 566 564
478 564 480
480 564 562
647 803 645
645 803 721
645 721 722
803 647 801
801 647 650
801 650 798
798 650 651
798 651 797
797 651 654
797 654 794
794 654 656
794 656 793
793 656 804
793 804 790
790 804 789
789 804 659
789 659 786
786 659 662
786 662 785
785 662 664
785 664 783
783 664 666
783 666 781
781 666 668
781 668 779
779 668 669
779 669 777
777 669 671
777 671 775
775 671 674
775 674 773
773 674 676
773 676 770
770 676 768
768 676 677
768 677 766
766 677 679
766 679 765
765 679 681
765 681 762
762 681 684
762 684 760
760 684 686
760 686 759
759 686 687
759 687 757
757 687 690
757 690 754
754 690 752
752 690 692
752 692 750
750 692 693
750 693 749
749 693 695
749 695 747
747 695 697
747 697 744
744 697 700
744 700 743
743 700 702
743 702 741
741 702 703
741 703 738
738 703 705
738 705 737
737 705 734
734 705 708
734 708 709
656 657 804
804 657 659
711 730 709
709 730 733
709 733 734
730 711 729
729 711 713
729 713 726
726 713 715
726 715 725
725 715 717
725 717 722
722 717 645
809 964 806
806 964 882
806 882 883
964 809 961
961 809 810
961 810 960
960 810 813
960 813 958
958 813 815
958 815 955
955 815 817
955 817 953
953 817 952
952 817 818
952 818 821
823 947 821
821 947 949
821 949 952
947 823 946
946 823 824
946 824 943
943 824 826
943 826 941
941 826 829
941 829 940
940 829 831
940 831 938
938 831 832
938 832 936
936 832 834
936 834 933
933 834 836
933 836 931
931 836 930
930 836 838
930 838 927
927 838 841
927 841 926
926 841 843
926 843 923
923 843 844
923 844 921
921 844 846
921 846 920
920 846 849
920 849 917
917 849 850
917 850 915
915 850 914
914 850 853
914 853 911
911 853 854
911 854 910
910 854 857
910 857 907
907 857 859
907 859 906
906 859 860
906 860 903
903 860 863
903 863 902
902 863 864
902 864 899
899 864 866
899 866 897
897 866 965
897 965 896
896 965 893
893 965 870
893 870 892
892 870 873
892 873 890
890 873 875
890 875 887
887 875 876
887 876 885
885 876 878
885 878 883
883 878 806
866 868 965
965 868 870
718 808 646
646 808 805
644 807 648
648 807 879
648 879 649
649 879 877
649 877 652
652 877 874
652 874 653
653 874 872
653 872 655
655 872 871
655 871 658
658 871 869
658 869 660
660 869 867
660 867 661
661 867 865
661 865 663
663 865 862
663 862 665
665 862 861
665 861 667
667 861 858
667 858 670
670 858 856
670 856 672
672 856 855
672 855 673
673 855 852
673 852 675
675 852 851
675 851 678
678 851 848
678 848 680
680 848 847
680 847 682
682 847 845
682 845 683
683 845 842
683 842 685
685 842 840
685 840 688
688 840 839
688 839 689
689 839 837
689 837 691
691 837 835
691 835 694
694 835 833
694 833 696
696 833 830
696 830 698
698 830 828
698 828 699
699 828 827
699 827 701
701 827 825
701 825 704
704 825 822
704 822 706
706 822 820
706 820 707
707 820 819
707 819 710
710 819 816
710 816 712
712 816 814
712 814 714
714 814 812
714 812 716
716 812 811
716 811 718
718 811 808
802 884 719
719 884 880
720 881 723
723 881 963
723 963 724
724 963 962
724 962 727
727 962 959
727 959 728
728 959 957
728 957 731
731 957 956
731 956 732
732 956 954
732 954 735
735 954 951
735 951 736
736 951 950
736 950 739
739 950 948
739 948 740
740 948 945
740 945 742
742 945 944
742 944 745
745 944 942
745 942 746
746 942 939
746 939 748
748 939 937
748 937 751
751 937 935
751 935 753
753 935 934
753 934 755
755 934 932
755 932 756
756 932 929
756 929 758
758 929 928
758 928 761
761 928 925
761 925 763
763 925 924
763 924 764
764 924 922
764 922 767
767 922 919
767 919 769
769 919 918
769 918 771
771 918 916
771 916 772
772 916 913
772 913 774
774 913 912
774 912 776
776 912 909
776 909 778
778 909 908
778 908 780
780 908 905
780 905 782
782 905 904
782 904 784
784 904 901
784 901 787
787 901 900
787 900 788
788 900 898
788 898 791
791 898 895
791 895 792
792 895 894
792 894 795
795 894 891
795 891 796
796 891 889
796 889 799
799 889 888
799 888 800
800 888 886
800 886 802
802 886 884
969 1125 967
967 1125 1043
967 1043 1044
1125 969 1123
1123 969 972
1123 972 1120
1120 972 973
1120 973 1119
1119 973 976
1119 976 1116
1116 976 978
1116 978 1115
1115 978 1126
1115 1126 1112
1112 1126 1111
1111 1126 981
1111 981 1108
1108 981 984
1108 984 1107
1107 984 986
1107 986 1105
1105 986 988
1105 988 1103
1103 988 990
1103 990 1101
1101 990 991
1101 991 1099
1099 991 993
1099 993 1097
1097 993 996
1097 996 1095
1095 996 998
1095 998 1092
1092 998 1090
1090 998 999
1090 999 1088
1088 999 1001
1088 1001 1087
1087 1001 1003
1087 1003 1084
1084 1003 1006
1084 1006 1082
1082 1006 1008
1082 1008 1081
1081 1008 1009
1081 1009 1079
1079 1009 1012
1079 1012 1076
1076 1012 1074
1074 1012 1014
1074 1014 1072
1072 1014 1015
1072 1015 1071
1071 1015 1017
1071 1017 1069
1069 1017 1019
1069 1019 1066
1066 1019 1022
1066 1022 1065
1065 1022 1024
1065 1024 1063
1063 1024 1025
1063 1025 1060
1060 1025 1027
1060 1027 1059
1059 1027 1056
1056 1027 1030
1056 1030 1031
978 979 1126
1126 979 981
1033 1052 1031
1031 1052 1055
1031 1055 1056
1052 1033 1051
1051 1033 1035
1051 1035 1048
1048 1035 1037
1048 1037 1047
1047 1037 1039
1047 1039 1044
1044 1039 967
1131 1286 1128
1128 1286 1204
1128 1204 1205
1286 1131 1283
1283 1131 1132
1283 1132 1282
1282 1132 1135
1282 1135 1280
1280 1135 1137
1280 1137 1277
1277 1137 1139
1277 1139 1275
1275 1139 1274
1274 1139 1140
1274 1140 1143
1145 1269 1143
1143 1269 1271
1143 1271 1274
1269 1145 1268
1268 1145 1146
1268 1146 1265
1265 1146 1148
1265 1148 1263
1263 1148 1151
1263 1151 1262
1262 1151 1153
1262 1153 1260
1260 1153 1154
1260 1154 1258
1258 1154 1156
1258 1156 1255
1255 1156 1158
1255 1158 1253
1253 1158 1252
1252 1158 1160
1252 1160 1249
1249 1160 1163
1249 1163 1248
1248 1163 1165
1248 1165 1245
1245 1165 1166
1245 1166 1243
1243 1166 1168
1243 1168 1242
1242 1168 1171
1242 1171 1239
1239 1171 1172
1239 1172 1237
1237 1172 1236
1236 1172 1175
1236 1175 1233
1233 1175 1176
1233 1176 1232
1232 1176 1179
1232 1179 1229
1229 1179 1181
1229 1181 1228
1228 1181 1182
1228 1182 1225
1225 1182 1185
1225 1185 1224
1224 1185 1186
1224 1186 1221
1221 1186 1188
1221 1188 1219
1219 1188 1287
1219 1287 1218
1218 1287 1215
1215 1287 1192
1215 1192 1214
1214 1192 1195
1214 1195 1212
1212 1195 1197
1212 1197 1209
1209 1197 1198
1209 1198 1207
1207 1198 1200
1207 1200 1205
1205 1200 1128
1188 1190 1287
1287 1190 1192
1040 1130 968
968 1130 1127
966 1129 970
970 1129 1201
970 1201 971
971 1201 1199
971 1199 974
974 1199 1196
974 1196 975
975 1196 1194
975 1194 977
977 1194 1193
977 1193 980
980 1193 1191
980 1191 982
982 1191 1189
982 1189 983
983 1189 1187
983 1187 985
985 1187 1184
985 1184 987
987 1184 1183
987 1183 989
989 1183 1180
989 1180 992
992 1180 1178
992 1178 994
994 1178 1177
994 1177 995
995 1177 1174
995 1174 997
997 1174 1173
997 1173 1000
1000 1173 1170
1000 1170 1002
1002 1170 1169
1002 1169 1004
1004 1169 1167
1004 1167 1005
1005 1167 1164
1005 1164 1007
1007 1164 1162
1007 1162 1010
1010 1162 1161
1010 1161 1011
1011 1161 1159
1011 1159 1013
1013 1159 1157
1013 1157 1016
1016 1157 1155
1016 1155 1018
1018 1155 1152
1018 1152 1020
1020 1152 1150
1020 1150 1021
1021 1150 1149
1021 1149 1023
1023 1149 1147
1023 1147 1026
1026 1147 1144
1026 1144 1028
1028 1144 1142
1028 1142 1029
1029 1142 1141
1029 1141 1032
1032 1141 1138
1032 1138 1034
1034 1138 1136
1034 1136 1036
1036 1136 1134
1036 1134 1038
1038 1134 1133
1038 1133 1040
1040 1133 1130
1124 1206 1041
1041 1206 1202
1042 1203 1045
1045 1203 1285
1045 1285 1046
1046 1285 1284
1046 1284 1049
1049 1284 1281
1049 1281 1050
1050 1281 1279
1050 1279 1053
1053 1279 1278
1053 1278 1054
1054 1278 1276
1054 1276 1057
1057 1276 1273
1057 1273 1058
1058 1273 1272
1058 1272 1061
1061 1272 1270
1061 1270 1062
1062 1270 1267
1062 1267 1064
1064 1267 1266
1064 1266 1067
1067 1266 1264
1067 1264 1068
1068 1264 1261
1068 1261 1070
1070 1261 1259
1070 1259 1073
1073 1259 1257
1073 1257 1075
1075 1257 1256
1075 1256 1077
1077 1256 1254
1077 1254 1078
1078 1254 1251
1078 1251 1080
1080 1251 1250
1080 1250 1083
1083 1250 1247
1083 1247 1085
1085 1247 1246
1085 1246 1086
1086 1246 1244
1086 1244 1089
1089 1244 1241
1089 1241 1091
1091 1241 1240
1091 1240 1093
1093 1240 1238
1093 1238 1094
1094 1238 1235
1094 1235 1096
1096 1235 1234
1096 1234 1098
1098 1234 1231
1098 1231 1100
1100 1231 1230
1100 1230 1102
1102 1230 1227
1102 1227 1104
1104 1227 1226
1104 1226 1106
1106 1226 1223
1106 1223 1109
1109 1223 1222
1109 1222 1110
1110 1222 1220
1110 1220 1113
1113 1220 1217
1113 1217 1114
1114 1217 1216
1114 1216 1117
1117 1216 1213
1117 1213 1118
1118 1213 1211
1118 1211 1121
1121 1211 1210
1121 1210 1122
1122 1210 1208
1122 1208 1124
1124 1208 1206
