-0.426972 -1.260120 -0.042392
-0.212641 -1.276900 -0.052326
-0.668909 -1.292658 0.890514
-0.661584 -1.219233 0.842850
-0.627485 -1.158877 0.800763
-0.620632 -1.364022 0.913607
-0.620480 -1.339685 0.822270
-0.613398 -1.089852 1.052457
-0.598638 -1.190008 1.321527
-0.577111 -1.041005 1.112946
-0.563933 -1.050428 0.767950
-0.563242 -1.119575 1.369962
-0.555292 -1.113917 1.394951
-0.546444 -0.996963 0.832264
-0.533448 -1.075388 1.425232
-0.519857 -1.349955 1.476638
-0.509499 -0.990228 1.099033
-0.503019 -1.402756 1.436435
-0.494476 -1.224961 1.760526
-0.491334 -1.170581 1.756069
-0.489455 -0.955969 0.784282
-0.484433 -1.506109 0.808728
-0.478253 -1.057601 1.555763
-0.476989 -1.157908 1.805781
-0.466971 -1.143262 1.819067
-0.461799 -1.218738 1.873076
-0.448951 -1.204776 1.892174
-0.439795 -1.546931 0.737707
-0.437235 -1.037092 1.581436
-0.435494 -1.183520 1.909587
-0.434871 -1.279675 1.886454
-0.434178 -1.260620 -0.038992
-0.433077 -1.076576 1.796289
-0.432961 -1.256498 -0.038553
-0.432296 -1.264449 -0.038313
-0.431273 -1.260474 -0.042187
-0.425394 -1.187877 1.924689
-0.413501 -1.147268 1.894354
-0.404670 -1.017898 0.356940
-0.399391 -1.289675 1.928431
-0.391680 -1.390430 1.727085
-0.383551 -1.480533 1.426624
-0.377547 -1.314953 1.910655
-0.356702 -1.413023 1.694824
-0.356461 -1.329812 1.899688
-0.355284 -1.511552 1.306940
-0.352377 -1.283265 -0.034638
-0.350366 -1.285877 -0.029290
-0.348452 -0.998277 0.357053
-0.331115 -1.515550 1.287150
-0.327158 -0.880429 0.878998
-0.317833 -1.097667 -0.022666
-0.317352 -1.092791 -0.016600
-0.317181 -0.953117 1.500056
-0.316036 -1.093942 -0.021830
-0.313697 -1.092399 -0.018673
-0.313602 -1.100645 1.912939
-0.310871 -1.095093 -0.020277
-0.308404 -1.516983 1.282028
-0.306826 -1.309558 1.918338
-0.300463 -1.413313 1.714027
-0.299902 -1.513084 1.305892
-0.290892 -1.058939 1.797644
-0.282169 -1.319509 1.877153
-0.275447 -1.572952 0.850035
-0.270314 -0.919149 1.292537
-0.267189 -1.247316 1.934770
-0.260630 -1.233872 -0.048451
-0.258917 -0.895903 0.907035
-0.257455 -0.896701 0.983139
-0.257278 -1.028304 0.318061
-0.256448 -1.028618 0.318514
-0.253893 -0.927360 1.332439
-0.253343 -1.296382 1.892577
-0.250093 -1.392458 1.677155
-0.249510 -1.566168 0.872531
-0.246535 -1.241753 1.927748
-0.245122 -1.508927 1.277760
-0.240953 -1.188356 1.913458
-0.240702 -1.135175 1.893903
-0.230111 -1.201023 1.903110
-0.228539 -0.930807 1.325365
-0.223407 -1.559668 0.880144
-0.214194 -1.066284 1.727702
-0.210482 -1.557708 0.841595
-0.207757 -1.278362 -0.052275
-0.207268 -1.282839 -0.047368
-0.204575 -1.273885 -0.048508
-0.204213 -1.278968 -0.048660
-0.203672 -0.932497 1.308059
-0.196175 -0.906990 0.990935
-0.183971 -1.097753 1.740304
-0.174299 -0.974305 1.418499
-0.155366 -1.531763 0.894879
-0.141092 -1.429343 1.399464
-0.127378 -1.005008 1.430440
-0.107451 -1.226499 1.626429
-0.100260 -1.185051 1.606176
-0.100042 -1.476004 0.886865
-0.096327 -1.341731 1.532045
-0.096080 -1.502585 1.036754
-0.096043 -1.131870 1.576513
-0.085594 -1.384886 1.408959
-0.078486 -1.485571 1.011102
-0.065257 -1.172506 0.408428
-0.064916 -1.173148 0.408295
-0.060927 -1.468223 1.002345
-0.059217 -1.305817 1.511106
-0.051583 -1.455739 1.016572
-0.049178 -1.223755 0.412500
-0.049155 -1.224456 0.412496
-0.039740 -1.347652 1.362889
-0.036182 -1.007754 0.878108
-0.021898 -1.251538 1.347626
0.024554 -1.064492 0.887002
0.024958 -1.290922 0.847503
0.026487 -1.257359 0.796249
0.068833 -1.127258 0.850810
0.071721 -1.192746 0.915335
